243
323
441
483
457
507
399
372
374
519
514
892
621
842
74
212
462
581
153
538
293
288
203
319
1009
358
621
364
1307
536
220
188
223
441
387
487
379
69
528
804
660
510
423
468
1413
624
569
413
541
423
1430
49
543
901
1653
1450
1513
649
151
1501
1477
146
668
365
167
614
532
1361
1395
307
605
492
695
599
1342
395
317
503
312
398
619
333
496
1650
1236
736
759
308
661
532
115
400
435
688
1063
746
589
176
544
1398
1251
416
499
1447
537
1508
592
713
591
581
840
421
1503
727
640
842
1683
924
573
421
709
356
332
590
875
1014
624
461
397
2998
469
510
288
1678
597
429
1349
209
651
1322
977
511
1314
1226
3077
711
923
733
368
1002
1817
683
1802
1260
306
418
309
742
625
788
551
669
226
751
256
589
450
556
462
706
446
553
903
883
770
301
1391
694
1353
711
1353
1205
720
158
369
936
166
583
772
465
125
1276
346
134
1346
1000
708
544
311
816
882
1805
446
590
827
1226
1456
300
274
989
329
393
511
1172
691
468
763
546
347
392
1305
1446
195
1102
1365
1079
491
316
594
563
630
646
474
174
231
1272
469
381
283
442
570
713
104
402
522
1262
887
1549
420
296
695
267
856
230
194
288
486
786
654
614
652
882
338
405
577
935
490
1458
660
806
1603
1241
616
247
544
1229
845
1368
737
656
498
412
431
230
1338
136
686
725
3175
427
379
455
267
446
163
434
240
305
320
288
168
530
188
64
366
93
962
630
46
941
970
915
535
573
1352
229
822
524
850
254
758
666
354
432
511
420
164
627
468
540
674
1411
658
519
1210
553
352
113
552
627
711
605
824
391
567
371
472
1256
117
541
950
355
359
54
226
417
313
620
501
586
144
255
779
794
259
183
745
351
148
481
1921
983
714
1359
170
1347
481
1342
299
506
1093
156
1452
1719
1043
430
1917
120
822
1205
550
1215
640
1458
594
510
314
602
532
1572
746
485
86
1537
533
340
576
680
1347
422
917
543
53
388
379
1029
944
627
423
150
1198
1549
222
444
689
745
448
258
240
131
152
1784
1865
501
1212
60
1507
2087
482
488
886
449
433
1540
746
1529
1773
203
326
279
1090
607
938
1398
1185
955
1485
235
338
307
1662
520
1665
252
272
1851
219
323
393
152
44
795
1584
502
1118
374
291
730
518
1052
1210
1355
285
531
274
346
246
245
193
159
150
309
373
310
105
309
148
285
148
744
312
313
566
433
433
284
181
228
327
392
238
96
566
475
612
607
622
590
274
295
330
229
315
265
268
536
666
449
403
341
453
333
254
286
311
262
308
213
311
45
438
542
165
252
643
88
90
303
368
286
813
494
674
353
979
166
284
579
989
1047
808
470
130
1518
859
261
295
406
1266
55
673
487
174
427
271
876
511
428
405
853
733
387
687
847
406
448
238
686
637
580
1055
409
592
576
832
115
55
47
264
379
656
872
825
277
247
404
256
394
345
276
654
465
127
915
617
684
315
222
240
283
225
506
511
549
386
354
338
366
372
343
122
197
195
416
346
341
356
182
344
464
404
572
258
440
1451
601
263
384
782
761
1185
171
294
910
197
75
767
917
391
164
221
641
544
958
742
1673
1494
792
843
873
1929
1956
547
568
603
632
622
1292
1529
507
941
1286
1157
1452
864
324
712
1274
1497
531
650
582
829
263
345
214
55
287
443
390
249
473
792
595
195
223
255
141
245
297
471
335
263
186
474
683
262
205
362
190
220
471
412
490
738
833
396
590
387
398
144
345
719
818
970
388
1018
456
754
421
472
499
392
344
863
379
157
388
516
463
410
185
207
465
539
631
244
71
141
711
292
75
713
159
293
1369
214
243
204
364
332
773
492
523
460
335
470
209
365
224
97
518
413
611
274
388
396
439
263
132
301
363
303
414
753
817
1423
1138
414
1136
1087
764
198
349
1021
281
765
386
150
457
149
565
479
508
379
711
948
1179
674
912
1382
963
1322
346
447
1598
726
1585
803
938
705
671
306
379
405
332
262
52
188
248
125
66
336
303
112
192
104
516
593
366
671
326
198
72
375
515
1663
546
618
46
1600
1484
1068
460
519
469
415
826
865
301
398
908
955
288
1238
686
124
778
1249
1106
209
501
1272
250
1430
570
259
224
934
549
137
1288
1875
1268
765
338
368
211
424
673
239
209
128
367
237
245
248
57
271
297
478
203
249
113
272
109
236
251
449
307
755
303
254
146
136
507
1594
1425
530
254
1198
634
574
405
626
477
52
775
715
1192
844
898
720
159
598
546
285
177
447
237
140
399
297
178
459
751
286
248
500
463
406
201
192
519
563
516
287
253
247
293
408
1500
801
863
559
969
1052
1530
511
644
1603
294
706
135
178
1405
57
845
567
1401
367
947
478
488
55
520
584
938
622
1958
959
157
536
282
634
924
274
527
598
853
967
685
565
596
317
373
1218
325
250
373
661
848
1027
592
203
286
410
413
1064
283
784
299
521
220
81
305
736
297
266
1283
737
730
725
162
869
554
492
861
892
333
734
556
283
172
1223
721
613
733
301
242
347
406
267
230
234
1170
1275
566
337
292
54
484
467
82
201
592
744
775
362
447
948
485
210
802
297
159
722
205
173
371
627
566
1958
1214
2791
1634
1335
501
107
839
1497
686
274
305
1030
998
221
479
605
1740
599
369
277
600
421
363
799
680
484
780
1099
619
381
397
1115
334
349
328
310
272
270
329
450
213
375
259
308
109
220
384
406
373
213
133
434
700
344
408
102
186
338
352
1233
1235
532
244
522
432
508
405
112
806
1284
242
406
223
222
283
235
522
433
258
99
313
516
170
219
293
274
292
571
416
626
190
156
130
179
226
247
404
362
538
89
205
384
283
252
318
129
55
191
663
369
374
443
205
210
647
510
424
297
266
44
115
176
199
236
179
225
347
264
307
246
1455
1561
358
859
179
722
975
850
890
257
567
174
1020
1268
263
561
635
42
450
804
251
121
94
75
802
88
919
330
690
431
272
51
44
1439
1210
358
335
245
150
385
395
519
529
418
357
224
448
796
391
450
479
434
199
160
301
644
965
171
153
229
439
319
630
759
893
285
245
670
395
264
659
445
189
1175
1709
1280
299
1235
223
1189
451
333
1250
404
519
1384
395
1354
280
348
166
1444
1069
370
1207
950
375
282
345
470
907
736
717
941
855
509
978
925
503
591
435
490
270
365
440
524
501
715
600
321
224
252
265
213
255
395
563
314
298
293
286
359
399
767
108
293
477
458
252
326
56
252
220
300
227
169
247
82
239
598
264
258
337
157
383
305
666
523
616
324
417
277
733
489
282
816
813
473
722
332
860
1160
468
106
99
591
254
1090
503
1089
1327
369
434
390
651
527
454
319
623
607
465
566
926
651
405
449
294
450
273
431
384
273
573
471
628
893
1359
949
831
536
100
363
1537
1467
885
1005
300
419
645
772
667
1284
488
584
469
933
876
1097
579
311
940
862
534
1633
970
395
690
903
375
565
487
743
492
697
205
1375
1050
359
1444
860
373
488
168
1609
367
934
710
45
756
322
207
664
1991
918
267
1082
397
161
239
532
719
1380
561
302
449
687
63
949
721
605
981
471
1768
627
512
1362
375
71
1202
404
119
355
69
1123
1022
469
613
480
92
320
248
143
311
107
326
461
609
395
292
87
456
614
318
514
89
414
302
365
500
644
547
55
334
558
680
693
1973
960
352
846
1160
478
815
783
1331
898
937
732
847
414
1454
421
975
444
1057
419
116
220
180
546
1081
945
1263
857
207
737
759
271
310
1429
1342
1485
923
1205
457
777
581
725
323
570
323
1411
817
547
646
373
564
442
417
498
205
848
329
782
384
466
536
679
796
618
567
546
726
264
777
912
581
403
504
1360
1536
1134
95
1387
612
324
551
525
442
419
390
356
314
701
371
302
82
211
395
416
473
159
283
348
304
1057
112
196
624
660
729
1320
761
581
654
908
80
573
649
81
1748
89
950
218
489
978
45
611
790
890
327
309
1077
742
1412
1074
1234
1485
611
234
505
138
212
230
487
984
1182
613
744
498
371
678
947
2192
1342
334
493
1615
1353
1258
1220
960
1374
1210
1037
511
753
1347
581
354
119
1304
599
672
1180
617
185
793
749
936
665
750
255
210
856
634
1033
128
242
1070
549
764
561
392
833
454
515
192
377
410
137
436
674
608
318
809
967
348
1513
2167
729
446
736
758
1419
246
292
90
1557
1590
457
404
353
542
279
425
267
155
345
597
361
418
512
407
588
367
356
465
364
582
614
240
307
193
867
1351
562
1237
299
1658
275
103
272
350
769
1734
528
1596
1739
407
286
94
758
1121
747
809
848
1326
52
201
425
348
632
555
405
437
98
288
441
387
689
442
504
387
369
371
336
466
386
484
1613
153
71
314
472
496
677
779
772
310
177
547
700
395
481
765
425
506
536
799
522
939
361
189
638
597
800
279
543
613
1904
348
1061
230
190
1231
272
421
1306
53
1620
295
1025
267
197
1486
1498
539
791
1303
1561
588
1516
288
128
382
1508
1758
225
346
826
555
1579
1375
138
591
324
1488
1177
1747
1386
2616
1379
639
259
1189
1539
390
264
334
1979
551
600
875
201
554
806
898
2341
771
1155
1283
946
519
185
457
111
1775
306
1576
1479
75
909
135
261
751
144
435
407
501
1848
825
97
257
607
726
286
919
1653
612
285
476
549
1484
252
310
1401
1080
1391
216
1061
404
716
1412
243
1161
267
299
304
486
1805
2122
2423
441
1203
90
1530
1006
242
195
342
835
226
1690
197
751
1268
1430
1475
211
605
612
289
450
294
383
449
341
342
195
292
382
336
397
233
185
446
460
79
1383
1785
1354
1763
378
183
332
383
282
473
338
411
247
419
251
268
347
405
259
361
367
422
279
501
182
177
673
297
549
546
189
293
173
375
180
241
308
571
484
444
468
303
158
1867
2065
7297
3203
499
486
655
836
400
913
1032
217
244
863
1334
865
843
1298
411
1248
946
249
421
238
584
965
60
445
158
356
1563
557
719
457
495
1083
729
354
754
58
839
464
443
550
709
615
411
336
697
782
799
879
570
1726
736
1948
772
508
85
430
1027
1451
62
1873
536
1788
1384
360
761
86
497
408
143
817
1724
400
1579
317
65
257
712
1178
1630
623
745
1725
541
1071
56
1754
1530
602
3274
613
389
866
1255
116
1190
1404
507
1483
769
212
989
800
760
223
114
1384
1939
1167
1564
705
568
314
526
672
779
768
1175
830
901
49
718
160
253
1513
533
167
1553
522
41
1392
611
248
430
1440
819
599
275
269
310
195
461
337
561
233
189
400
287
520
315
579
544
551
162
445
1476
1180
1307
1462
1217
331
498
112
1297
1720
758
1337
1678
543
1010
261
760
375
561
479
531
530
163
455
251
264
171
224
150
675
551
291
195
881
1334
177
340
193
823
618
926
578
720
186
444
640
479
342
601
591
297
634
279
627
615
244
414
710
1172
701
553
206
335
447
597
409
805
874
446
211
644
303
1720
1301
1400
1292
924
1256
1187
253
406
611
1681
1457
64
1808
1859
1407
208
509
359
444
741
419
263
424
547
92
325
548
418
779
375
334
298
364
1235
226
398
1350
530
1993
296
249
936
399
279
332
837
1005
1285
1398
517
599
593
1276
378
486
177
144
863
484
365
290
1500
1552
779
319
336
401
577
755
771
487
570
943
1089
436
694
647
741
705
326
347
819
1868
1805
289
2060
617
1015
1166
1245
325
1291
1541
1043
964
447
597
1543
308
424
191
170
575
1580
677
1575
999
388
1465
644
481
1444
404
305
744
1708
550
880
78
674
89
305
1136
99
276
732
1269
284
71
419
525
747
605
259
668
349
111
311
346
143
405
695
499
444
573
624
322
592
1681
1225
201
1545
1780
125
960
1300
390
577
1238
506
969
1110
107
1236
514
516
920
628
471
990
391
195
1576
214
654
258
255
1274
442
1189
737
245
219
47
311
622
427
187
455
1119
1590
598
468
1508
1244
1180
1128
1438
1416
359
818
602
400
794
585
1688
982
1347
553
898
663
1441
1194
1164
1533
977
1254
617
521
1132
1314
618
274
467
505
1070
1590
368
1084
369
682
610
502
538
1685
1553
1382
984
256
166
526
553
179
452
304
328
142
232
596
892
139
295
762
216
544
198
554
1538
712
947
392
304
902
1201
1647
192
1309
616
662
96
555
221
393
65
161
1472
1361
543
611
380
461
539
199
324
413
393
550
690
333
298
585
625
360
214
505
636
532
317
465
649
385
566
601
280
485
282
242
184
382
1063
151
444
1396
208
1414
793
412
457
656
570
686
469
801
642
54
47
308
278
838
470
60
195
524
641
611
399
124
328
213
852
641
1460
609
246
1433
528
234
1471
749
1142
338
211
489
560
592
1474
1274
1187
1534
361
710
1214
1124
1268
540
92
1009
836
192
1001
1405
1136
584
1307
1615
946
944
266
130
331
1368
1650
1210
830
976
395
446
344
482
299
865
48
59
187
508
837
382
850
440
1454
351
72
1141
829
935
265
576
525
1250
1732
1913
1347
340
271
679
347
526
487
472
632
1098
1592
398
2063
59
610
341
296
332
541
758
683
662
1538
1395
643
242
385
1298
553
351
567
572
1486
641
1642
47
452
2414
971
154
1407
104
477
666
427
502
175
264
1606
725
255
585
400
306
1425
1407
558
1531
576
1640
512
941
1712
1227
1047
1358
510
1110
1309
1694
1045
2956
1388
346
1452
595
542
52
518
1467
1251
370
366
514
327
1485
1613
1188
1186
402
548
2848
1504
861
849
854
620
380
327
313
1574
149
493
241
631
537
716
1730
320
479
1173
395
209
419
510
529
77
278
1637
48
605
1317
1055
1355
983
198
1077
1202
624
212
282
256
673
360
779
837
316
429
612
1019
329
463
222
161
239
1245
314
460
382
689
220
847
446
400
943
919
152
400
219
1111
1225
1188
232
304
68
1195
1006
63
740
1415
651
1229
687
326
178
1428
1246
268
1508
714
273
1203
1119
1379
1223
57
1464
1020
377
1606
1664
1830
1742
1113
934
179
260
402
657
1836
592
1673
851
430
75
402
852
1499
742
789
935
1109
363
231
686
421
593
139
527
432
640
833
535
51
775
558
1526
1301
1080
860
425
371
1579
1550
1653
573
356
622
1736
550
790
276
354
1769
625
1211
748
599
1332
460
464
1536
848
1206
1326
101
1146
266
640
577
511
177
1385
988
247
617
685
1833
283
1237
2381
702
101
174
184
93
69
375
586
398
156
252
502
461
605
387
359
501
318
474
788
749
60
587
907
1487
1856
744
269
431
1062
627
157
345
1024
519
566
223
429
593
362
108
560
540
267
425
247
373
379
659
263
276
213
93
545
447
428
55
642
385
554
282
250
689
696
1940
1208
982
1274
327
1506
1512
487
447
1676
742
682
726
607
1086
305
455
757
552
364
620
390
534
264
639
419
448
345
569
327
775
539
862
549
155
468
243
596
213
549
741
393
575
316
558
268
341
672
179
480
588
554
413
1268
256
304
245
354
365
494
471
1849
1843
664
1894
633
1545
657
374
391
842
466
646
649
611
514
555
128
68
315
225
1964
1721
630
1657
385
253
291
1671
979
1704
248
139
224
251
1564
562
413
187
415
1094
159
179
549
800
326
800
273
326
1379
464
255
506
1651
786
194
392
426
2065
847
276
402
91
504
734
534
1296
393
869
1099
437
607
1472
327
113
354
1226
512
891
380
509
383
78
635
416
410
213
357
568
1356
976
943
1394
59
181
108
221
261
198
111
532
934
491
233
123
161
319
1417
1128
225
165
505
367
322
1525
1280
814
692
310
1568
245
489
1582
1473
605
828
272
585
488
514
342
540
575
523
313
270
406
405
1038
340
592
588
614
228
226
226
41
486
1454
77
618
300
253
533
700
934
667
265
156
547
1723
1606
514
1233
448
476
474
99
409
1533
52
1524
138
690
236
365
1877
2150
527
320
408
375
105
499
346
839
1485
61
223
1296
394
378
493
539
1793
1056
259
357
425
394
266
227
310
250
189
125
1272
2415
76
1156
240
324
396
1396
465
540
834
858
415
286
724
1577
854
857
1525
1312
1656
548
1302
345
304
62
807
1441
46
159
1713
530
460
554
829
432
1283
816
1302
1700
1219
1422
1531
853
740
410
600
564
348
347
43
435
1000
239
443
456
351
381
524
681
241
444
1312
453
43
732
896
462
313
100
1504
615
660
1365
220
544
1592
450
611
311
681
777
885
827
256
1007
430
791
707
278
248
161
68
103
105
384
441
647
417
678
105
203
201
452
396
577
640
453
545
407
389
137
328
469
383
932
502
314
271
481
660
506
225
249
453
260
503
63
746
298
746
647
576
686
313
198
372
556
1273
427
1631
171
2784
224
1671
683
474
789
675
453
1486
1524
203
1200
544
1355
681
230
967
68
433
956
713
484
1585
530
855
873
606
454
293
457
366
854
346
932
1020
722
370
174
753
445
397
474
577
377
433
405
787
551
632
542
608
426
511
698
372
650
449
219
280
472
475
387
703
43
611
662
281
246
734
437
75
1564
1503
676
359
265
381
584
449
395
413
555
553
686
50
192
415
592
788
647
887
1370
1452
292
528
1537
1538
678
663
702
564
312
302
1355
1073
451
247
509
100
210
572
363
304
2057
693
1021
791
1535
1082
832
518
288
305
520
391
293
1330
1919
1769
1281
330
941
981
1273
1113
450
230
147
63
497
1358
598
59
209
389
633
1554
652
945
131
89
1249
1369
452
574
246
1332
458
1542
1413
309
432
733
1339
1084
930
627
537
769
497
415
243
1382
1544
1544
1081
1046
677
432
187
127
524
620
90
179
121
213
172
323
51
213
388
464
140
301
114
152
268
892
363
471
275
409
603
597
1507
1899
1529
1595
1524
730
288
768
561
889
916
903
741
995
2044
528
1838
910
446
1205
654
1649
148
531
314
269
313
264
235
241
936
338
803
559
332
576
74
1848
407
696
344
1608
645
812
884
442
716
507
263
402
682
352
337
1754
530
1261
1380
1222
782
268
411
152
481
214
750
688
826
1861
593
1638
1282
337
268
844
144
329
155
144
71
111
157
1296
880
477
552
417
294
420
656
656
540
477
617
717
194
170
224
546
641
434
627
287
454
733
411
470
605
681
597
214
442
269
307
1126
696
213
382
915
740
797
371
366
149
576
1220
126
41
418
427
424
841
792
1062
940
598
426
720
423
776
616
525
770
1124
263
306
1129
305
364
180
421
495
512
1601
2657
2515
1571
671
634
304
1698
2623
1495
555
1346
767
2036
821
656
1235
370
349
570
248
632
454
736
590
686
769
645
910
934
855
916
1067
272
694
1357
1627
1280
696
1235
146
1454
1225
137
285
67
83
500
921
294
484
939
653
1234
1552
1411
484
1081
154
398
999
361
354
475
381
1155
550
953
940
1439
205
242
281
595
765
465
196
865
211
1242
1150
650
1115
1012
1591
258
352
777
1140
1067
1010
1217
128
256
674
1102
162
1309
882
386
1366
627
224
538
658
351
440
1060
1476
474
209
766
1079
212
1110
1169
278
612
344
274
914
270
802
789
491
533
632
446
685
401
311
877
2020
1609
1421
616
1994
658
970
391
956
2927
5338
1735
1101
1510
1453
1868
1477
1705
1007
564
882
257
528
698
1423
1411
574
724
335
222
569
790
1515
1601
1024
913
643
867
353
583
1383
299
243
444
812
822
441
1215
733
516
1153
4142
1810
428
490
315
280
652
902
900
1657
557
1371
688
1482
639
891
472
264
3671
1728
850
1382
98
1097
282
1175
1487
1481
1590
1230
1883
1007
626
292
683
445
764
1561
798
605
886
661
279
332
1426
1505
639
79
1878
709
981
1569
445
231
83
1144
616
1833
1174
600
628
603
361
413
1575
1111
630
1283
596
1165
1195
782
1184
1407
483
450
2163
1150
1420
631
264
281
1307
1237
185
918
514
176
1483
1112
1361
1103
146
712
1263
263
1359
205
633
589
268
286
196
755
1683
1844
2727
912
425
306
410
1325
508
510
907
1377
1457
1865
1691
222
726
653
567
498
1748
1161
825
1227
1916
1017
348
658
604
101
1068
750
245
573
396
1453
1838
514
992
665
645
132
783
174
136
561
1240
145
1796
1325
363
1922
1704
284
402
643
224
390
179
117
363
1608
327
1416
1497
574
450
304
1431
1915
1099
1170
359
504
414
2462
1569
772
858
1590
1158
455
1008
349
546
1462
913
805
248
1582
1203
1237
323
662
556
608
490
998
1383
416
800
1211
162
128
495
709
214
431
1317
260
317
468
467
404
664
1269
1595
1687
428
172
583
766
174
111
217
1033
1344
153
631
949
604
286
862
361
1333
407
1552
1887
1542
1914
250
459
1242
421
441
318
392
259
212
451
892
430
697
275
267
199
285
386
595
328
698
425
507
392
351
395
619
727
1217
516
411
156
240
510
560
368
403
483
184
810
867
557
776
692
1574
1592
336
293
673
809
1817
562
1732
2270
1035
886
798
971
489
933
1039
827
476
334
625
192
411
2674
3037
331
1283
1326
1511
1451
369
263
879
819
1031
272
1369
1533
485
1405
323
448
250
346
1332
1180
1108
482
214
396
447
473
1358
1478
969
2476
182
449
344
3112
480
652
670
401
311
877
2020
1609
1421
616
1994
658
970
391
956
2927
5338
1735
1101
1510
1453
1868
1477
1705
1007
564
882
257
528
698
1423
1411
574
724
335
222
569
790
1515
1601
1024
913
643
867
353
583
1383
299
243
444
812
822
441
1215
733
516
1153
4142
1810
428
490
315
280
652
902
900
1657
557
1371
688
1482
639
891
472
264
3671
1728
850
1382
98
1097
282
1175
1487
1481
1590
1230
1883
1007
626
361
1333
407
1552
1887
1542
1914
250
459
1242
421
441
318
392
259
212
451
892
430
697
275
267
199
285
386
595
328
698
425
507
392
351
395
619
727
1217
516
411
156
240
510
560
368
403
483
184
810
867
557
776
692
1574
1592
336
293
673
809
1817
562
1732
2270
1035
886
798
971
489
933
1039
827
476
334
625
192
411
2674
3037
331
1283
1326
1511
1451
369
263
879
819
1031
272
1369
1533
485
1405
323
448
250
346
1332
1180
1108
482
214
396
447
473
1358
1478
969
2476
182
449
344
3112
480
652
670